1007
-3634
-1523
-489
-1964
3406
-1139
2179
1125
-656
1965
-1289
 522
-4297
-675
1215
  94
-4268
-2274
-4866
-4426
-3112
-1914
-4248
-1708
3649
-3890
-4916
-961
2348
-4081
-3975
-2434
1117
4192
-1843
 686
-4778
-1698
-972
3734
-689
1021
-4715
3150
2143
3203
-3894
2522
-770
2419
-188
2060
-634
-1654
-4204
2707
2332
2375
-681
-3256
  76
-3349
1291
4617
-1213
-3531
3302
4292
1641
-4190
-1360
-1873
3938
-1212
-2029
 546
-2380
2787
 233
-395
-1344
-3561
1101
 424
-822
3507
1211
-248
-4746
-1728
-3594
-891
-2826
-567
1729
2432
4396
-3684
1018
3653
-3589
4509
-3221
4176
-4987
-1462
3385
1996
-1250
-529
-4133
 809
-3508
-492
3278
-4337
-2157
3005
-2988
-3386
-671
1553
-1386
 444
-2778
1322
1075
-4933
-1651
-4777
-3322
 802
3051
1429
4819
3727
1364
-2917
-3995
2557
1123
-1826
  45
-1411
2252
2663
2732
-3976
-4791
3798
-541
-332
-2538
-4578
-1361
4301
-4042
4404
-2693
2565
-1053
-3654
-2515
-730
-1904
-1637
-4525
4934
3567
-949
-2191
-736
-3588
-4469
-1459
 572
-2916
3867
2082
-1413
-2088
4322
-239
2275
4213
4035
2357
-434
-2901
-118
-1965
3878
-3822
-2823
2309
3564
 593
-1144
-2504
-373
4324
-4945
3712
1438
-3227
-4864
-3364
4343
-4538
1314
2459
-2922
-3697
-2950
-723
4353
2636
2769
-3378
-4443
-3252
-4093
-963
-3823
1571
1898
-4176
-1976
-186
3457
-801
-3359
3140
2456
3176
-2589
1706
-3743
-917
-217
3244
-3082
-1797
-911
-3910
-3564
1259
-1601
4925
 900
3354
-1189
 911
-3183
-787
-2535
-4844
  64
4246
-3235
-2378
4755
3824
3905
2600
2670
-4915
 315
3585
-4558
-2576
-416
-913
-4230
-2109
-4425
-878
-4362
4940
 484
4042
4259
2580
-172
2830
-2536
3846
-4385
   9
-4382
  72
4354
1993
-3765
4104
-1477
3331
3574
-4358
3877
4018
-4237
-3512
 934
-3347
-2968
-708
-3673
4186
-2509
-4721
2518
-2949
2584
-881
-869
2318
-4290
1612
2452
1397
1213
2253
 -47
-995
 520
2965
 203
1771
-1634
1720
2984
-3066
-4962
-2750
4275
-1869
-4563
-1827
2999
-4975
3413
3837
4010
-3395
-1060
1033
-157
-2447
-882
-503
3795
1617
-2912
2780
-786
-1229
2010
-4776
1808
1302
 774
2115
-4575
4470
-4977
3171
 458
-3997
-1116
-2893
-4247
4553
3451
-2644
-1929
 291
-2586
-4519
-1313
4788
-4887
-1767
3116
-2257
 885
-4880
-887
3202
-3953
1633
-834
-2657
2783
2192
3057
4636
3936
-2580
-4121
-1113
 261
4564
3989
 527
3754
4166
 191
-3079
3606
1605
2003
 -71
-1238
-4886
2502
  81
4875
 172
-4934
-1308
1942
 144
2213
-3163
-4302
-4399
4287
2947
2716
 975
4935
-3391
-1324
-1627
-3619
3725
-4457
2307
3738
-4048
-3639
-523
2978
-3047
2086
-860
2139
-2647
2217
-685
-1031
-293
-701
-2511
 660
-2941
-3756
-1841
  46
-1252
4089
2993
4812
-4184
-4898
 855
-4283
-2253
1674
 214
1588
-2242
-4215
-1412
-1013
 438
2334
-139
-2035
4281
-1174
-4555
2972
2651
-362
2967
2476
-4904
 679
-4494
-1587
-3767
-3915
3092
-814
4478
-141
-936
2387
3690
3556
3402
3330
2720
-467
-3793
 483
1124
-303
3452
-1745
3944
-1051
3351
 -34
-1470
4232
2594
-4589
-2129
3474
-3651
-507
3455
-3610
-4416
2724
4020
-4611
3873
1147
-1913
1764
3998
-4352
-4683
3618
-600
-2560
3123
-2733
3652
-3275
2818
  96
3616
-2610
4229
2587
-2498
3473
-296
3796
-257
-4026
-849
4516
3900
3528
-3731
-3556
-3120
-1058
1868
-2845
-3813
-1870
-2317
3036
-4819
-1796
1638
4451
2561
3085
3713
4081
 863
2986
2616
1090
-341
4303
-4946
-388
2059
2778
-2899
1606
4093
4221
4839
 163
2747
 691
 870
4750
 995
3127
-3093
-1893
2512
-3780
4675
4138
3979
-105
-2488
-2154
 119
 553
 666
 693
-2322
-1953
 843
 675
-1246
-2682
 468
 908
-2344
-1192
 358
4752
1767
 612
1482
 627
-3735
-459
-2144
2689
-2343
-3139
-4572
4152
-3376
 929
-335
3475
-2363
3545
4157
-3413
-1909
-3969
4326
2374
-1600
2578
3675
4399
-1999
-2781
-2089
-4380
-1933
4968
-3106
-763
4000
 513
-4356
-1886
-2462
1056
-657
4637
 232
2874
-145
-2547
2418
4631
-3629
-382
-1971
3401
-3425
4365
4712
 182
-3369
-2124
3554
1954
3802
3041
4744
2021
4762
-3200
-2107
 412
2878
-898
-3143
-3141
 727
3678
 118
1824
-298
-3166
-3514
-1693
-182
4933
2556
-1455
-1743
-3056
1465
 -29
5000
4691
2901
4842
-3760
-2361
3167
-2827
-1259
 618
-2371
-3199
2763
4528
-1207
4139
-1467
-2481
2619
-4957
3423
3813
4356
-204
-4976
-2101
4818
-4245
-755
 688
4850
2098
2028
-3137
2927
-3942
-4837
-1305
-120
-2810
-2774
 793
4974
3343
2259
3074
-4618
-3650
-3904
-2575
 -61
-942
-1545
4515
2483
 628
-3100
-734
-425
2789
-3443
-4056
3081
2622
-3297
3785
1489
-159
-3487
-4527
1741
-3545
-4709
-2103
-3724
-3672
-802
4028
-3988
-553
3194
3279
 169
2024
3037
-4242
-1443
 125
-655
2558
-3577
2944
2393
3578
3659
3400
-4511
-2976
  87
-3051
4016
-4605
-3021
-3029
2653
1158
-3113
-2645
 295
-2017
-525
1445
-3963
1683
4815
3122
-2260
-2423
-3523
-3167
-3782
4973
-4195
-2045
4596
-1457
-231
-2513
-226
1657
1539
4622
-742
3128
-2148
3342
2285
1711
4110
-3140
-1372
-4571
-4985
2236
1326
-1748
 597
-2696
 835
4318
-4516
1622
-1526
4305
-2402
1849
-1577
4758
3087
-3989
-2236
2290
 611
2264
-4876
-1657
2411
  93
-184
1273
-3342
 750
3776
-4954
1782
-2816
-4304
-3917
4568
-4540
-3716
 387
1664
-3304
-1528
-4269
-2354
-1401
-2595
-4112
 151
-2244
  97
3371
  23
1441
-3961
 826
2495
-2330
3641
-3631
-2550
2096
3300
-200
4866
4237
 294
-1688
 924
3220
-1348
 605
-3815
 -30
-4679
-772
-2989
-3850
-884
-3058
1538
-3381
 106
-2501
-1282
-2992
-3563
3061
-357
1053
4083
-832
   8
-2583
-2494
-1137
2924
2238
-4689
-1607
-2581
-2676
4126
4830
-3155
-3943
-1506
-2963
2398
-251
1350
2745
-1985
-177
1802
-2507
-3722
3843
-3222
1708
4473
 259
-2248
-3463
1520
 507
-2051
1216
4766
4565
2607
-2184
-4027
2658
2406
-3566
-2178
-556
 -46
3603
-1513
3706
-3265
-2612
4988
 229
-4009
1903
  40
2201
-2842
3159
-3879
4202
1974
3624
-1185
3012
4895
-4433
1587
-2739
-1569
-4125
 886
-361
-3069
 648
-854
 322
2365
-2980
1244
-559
-2863
3102
-1141
-2471
-3146
-997
-4619
-3643
-1299
3188
-4835
-1903
-2718
-2864
-517
3685
4846
 485
 502
3173
-508
-3274
-2190
3362
-1504
-3819
4480
-4717
-3355
-2898
2068
-1583
 -35
-1602
-1353
-3663
-1776
 -69
2592
3810
-2741
 237
 304
2392
1936
 743
-760
 426
2079
-510
3501
-977
-114
-4366
 982
-3892
1298
 818
-1867
-789
-2523
-3524
-1276
3832
 567
-4459
-2397
-1155
-2915
-1996
1883
 972
4106
 478
1777
-4554
-1950
1784
-3132
2114
2577
2559
-2788
-3741
-1687
-1679
-848
3505
 165
 536
-1088
-853
-3626
 535
-3515
4796
3002
3156
-4799
 448
-3926
2656
 122
-3647
4507
-528
-3698
-4178
4595
-4423
-962
 328
2170
4200
1351
-897
2786
4537
4316
-2110
-2997
1825
1707
-3977
 416
2477
2405
-1178
-2662
-3067
-4123
-1395
-1096
-3762
-993
3645
1205
1519
-3533
-3019
-267
-674
 569
-1069
1366
 757
-4596
-1820
4491
-2421
-3176
-1945
2649
4783
-1121
-1239
1877
-4157
1859
-2585
1545
2816
4892
1167
-2174
2197
4140
4563
-3644
-4398
-4168
-4251
-2885
3611
 220
-402
-2519
3822
-3565
-3881
1339
3359
-4681
-2579
4778
4103
4799
2444
-1225
-1263
2766
1380
1696
4415
2736
1855
-3870
-440
-439
-2900
2562
2703
3324
 722
 360
 893
-4774
2355
-3466
2951
4392
3016
1611
-2169
-4942
3264
-4583
-3452
 784
-2650
-4191
-4236
1721
-847
-487
-722
-1811
-2316
-2867
-4279
1916
-4411
4367
-631
4770
 215
   6
-3394
-4518
4583
1234
-557
-1154
1819
3328
  57
 726
2474
-1382
-3498
-3285
1087
-769
2142
3132
-2539
-4783
1120
-809
1490
3146
4057
1279
3299
3242
-2852
3072
4618
-565
 168
3001
-4017
3569
-3499
-486
2856
2127
-453
4734
3928
1682
-1589
1294
1453
3602
-2042
1068
 542
4558
3225
4907
3059
4142
2718
 -82
-3316
3835
-1048
-4545
2166
2435
3311
-2609
2546
3953
-1257
-4851
2534
-4220
2540
4388
2685
2480
-246
 456
-2711
4535
-318
 324
2188
-2806
  53
-4931
2991
 382
3274
-1968
-3273
-4025
-1110
 354
-3439
3818
-1431
1960
 506
-4311
3882
-2010
3195
-1855
-1293
-4553
 268
4709
4685
-3661
1047
4639
-922
4987
 812
  15
-3992
3262
-2648
4345
1111
-3385
1013
3190
-3465
2403
4141
 598
3817
 845
2695
3393
-313
-2984
-4651
4325
-1749
-1206
1166
-260
 664
 258
-1981
-4509
-1542
-2464
1109
-3332
-574
2472
-2802
-3807
-4824
-646
-1035
-4654
-1260
2655
-3156
-1880
3216
 969
-4156
-399
1400
-1773
-4802
-4467
2893
-1660
-1559
-3094
 674
-2071
-2508
-3580
-1397
-3655
2516
-2278
-2625
3932
-2663
-2090
-4678
-1552
2591
-3674
-132
1031
-4750
1536
3025
1480
-1243
-4235
4070
-3593
3187
4688
-3182
4721
-3574
2940
1911
3214
-959
-4407
-2566
-3450
-593
 285
2589
3829
1678
-4557
-1205
-711
-654
1880
-2304
-1865
-1871
 317
2325
-3645
-821
2083
-1642
4323
 950
-465
-2727
1895
1297
1391
-3283
4226
1249
-669
3421
-3862
 832
4121
-1312
-4564
-3666
-3642
4529
-110
 932
1188
-1322
-1612
-4232
2113
4247
-952
-3028
-2369
1091
4609
1755
-3769
3726
2001
-4038
1910
4319
1330
2711
2009
-3579
-1077
1032
-2925
3651
1219
-4869
4037
1851
-2106
2987
3609
-3211
3006
-2516
 892
-3500
-4647
3723
2931
2359
-2528
-2978
3800
  84
1722
2422
4108
-4577
3805
-314
-1090
2793
-3937
-775
3509
-3857
3268
-1234
-4068
1439
 247
3995
 613
 742
3859
-4461
4732
1620
-3882
-2683
2212
-3679
2160
2731
 619
-3223
-3931
 701
4910
 788
-4780
-4531
4872
-4456
4019
-3173
1655
2958
  91
-2753
3273
-1517
-4386
2583
-3785
4871
-1354
1985
2523
 -80
-4825
-4087
-1074
-4475
1827
-3447
-4408
3066
2902
1544
-2241
2977
1175
4090
-1658
-108
2900
3287
 759
-2614
-2871
3004
2937
3580
1094
-266
-575
3955
3788
-423
4370
-739
-1199
4444
4686
2904
-175
-343
-461
-2618
-2291
-234
 770
 550
3650
 652
3200
 355
-1997
2644
2979
4191
1623
-3919
1162
-4749
-894
1852
3075
3749
2134
1568
3295
-1872
-2730
-4492
  35
2784
3784
1835
-263
 -91
-4658
-383
-939
3105
2880
4411
-2808
4067
-1881
 813
-256
-2222
-1681
-191
1516
-2021
 111
4999
-4756
-4743
4196
2869
2891
2797
-1094
-3026
4669
-1317
3303
1590
 227
4803
 489
1415
1272
-861
-3786
-2160
-4587
-683
 -26
-1385
1349
-3525
-1487
-255
-504
2627
3497
-1572
 471
-283
-2985
-1200
1050
1543
1631
2457
-1307
1331
2637
1914
-2958
2157
3282
-3457
  99
3168
-2959
 -14
-807
-1262
2950
4814
2428
-1680
-2149
3919
-601
1172
-2249
2521
-1435
 428
-4032
-2460
  42
-1439
1548
1227
4346
-979
3237
1165
3422
2055
 525
-2485
-4106
-3095
-3581
1138
 720
  95
1803
3469
4289
-4484
-1715
-4902
-1179
-764
3860
-2896
-2078
4784
 179
4787
-1830
2371
-3023
-4983
3608
3226
-1962
 188
-4174
-3228
-846
-4544
-796
2471
3044
 959
-1369
-3410
2642
-2709
-3208
3048
-4404
1151
-4720
4116
-4142
1008
-934
-2524
-1428
1332
-2574
3815
 161
 314
3438
4944
-1772
-3462
3312
-1629
2555
4100
3207
-1434
 665
4112
4642
3828
4180
3138
2158
4967
-3331
1313
-4152
3292
-3293
-1347
1144
1108
4831
4977
 588
-1391
-102
-320
-4823
-4306
-948
-568
-1187
3696
3534
1677
-2484
-4019
-307
-4690
 858
 910
4185
3677
-1191
 -13
1276
2159
-964
-322
-2175
-4803
3126
-1684
-2588
4677
-2015
1550
 528
-1987
-2800
 -12
-4448
1274
3842
-1172
-778
3612
3729
 853
2756
-4130
4027
 371
-2531
-2466
 986
3904
2885
 245
-2218
4862
-2836
-2009
-1182
-2938
1398
1381
2116
-696
-757
 867
2370
-570
-1364
 352
2659
-3611
2903
3819
-3389
1715
 989
-3339
1953
-4136
1137
2861
 881
2723
-4838
-3701
-1065
-713
2023
-527
4594
 801
-617
2706
2630
-909
-2668
-4535
-783
2737
-3230
2514
 856
4114
-3796
-1374
4402
4978
-3806
-3686
-4485
4714
-4744
-1222
-1774
 369
-185
-3070
-4102
-3506
-3198
2765
1363
1753
3868
2256
4971
-629
-620
-2568
-2946
-974
-1834
-3766
-2552
-426
-4882
 439
4122
-1640
-2847
-2123
3153
1044
1483
4233
4728
1390
4502
-3944
3232
1437
1139
4662
-4331
-1973
-2932
4749
 266
4975
3246
-2672
-449
-192
-532
4505
2543
1140
3511
2354
-4612
4993
-286
 956
-2419
-2930
-131
-4292
1872
2826
1500
2700
3042
4069
-3115
2727
-2232
2990
-1768
1656
4990
2810
 296
-4935
-773
-1176
1469
4382
-4397
 591
-478
-2514
1224
3252
-3609
-4210
3015
  -5
 213
-3621
-784
-3412
 530
1569
-4804
1593
-391
4576
-4315
 408
-4622
2733
 223
-2186
4970
-3152
-3238
4420
1947
 708
2989
 332
-205
-895
-2001
1221
4177
4676
4504
-3897
-1554
-3576
3100
3521
3394
-2445
2918
-3956
-826
-4198
2922
4964
 799
-1649
-864
-3213
-1983
 518
3418
1051
2225
-1193
-2459
-2281
-4080
-3725
3887
-2913
-3595
-2996
-4044
-4480
-3445
-1862
1248
2034
3121
1761
-4741
-4753
-1287
-3456
  48
-3800
3325
-1585
-254
-2636
1037
1896
-2455
-2136
-3867
-2894
-2906
1182
-3973
-628
-2854
1449
-4067
1495
3045
1512
-448
-2152
4241
-1183
1267
1739
1029
-3875
-1863
-4856
4184
4851
-3849
1780
-4857
-616
1829
-3810
-2263
 937
1659
1938
3923
4821
2842
-1828
-412
2267
-441
-415
3793
-3518
2321
1411
-2830
-3333
2896
2956
4372
-2342
3245
-4313
-1404
-4434
-3420
-3018
1735
  -3
 790
-4547
2697
1309
-1468
-4621
1732
2148
1447
3504
-2602
-2869
3939
  98
 824
-2638
2017
4425
 669
4876
2519
4822
-4495
-1923
3762
4072
-3874
1905
 200
-431
-4161
1684
2914
-2772
4389
4171
-520
2981
 501
3327
1596
-833
-863
-4280
-561
-644
-1146
-4007
-4797
-1215
1649
 808
1786
-3346
-3960
1799
1190
-4488
-3353
-117
2088
-1891
-2505
-1935
-2422
-3602
4243
1164
-1424
3940
-4256
-4500
-1636
3657
-1800
 816
-1805
-3110
 134
3229
-3918
3770
-4727
3986
-1255
3211
 836
-3838
2165
3912
 914
-2616
-615
 -55
-128
-173
3162
-450
-661
  12
-3578
3493
-2102
3494
-4537
 204
-3334
2183
2740
-3538
-106
-3868
 100
 831
-827
2124
1583
 -95
-2022
-4923
 251
-1853
-4573
4707
3779
-1149
 623
-196
 610
 298
-476
1826
-1463
-3276
4715
 492
3908
1742
-4925
 205
-3302
3234
-4878
4552
1086
2906
-2897
-3016
4798
  27
-3656
-2911
-1220
-1343
4908
 766
-1947
-4151
-238
 943
-4257
 -45
-1232
-3641
1723
-4383
2464
-2611
2726
3544
-1157
3054
2013
-4769
-1918
1184
 174
3598
-1521
-162
 634
3483
3660
4600
-4699
-3317
-274
2507
   7
4738
2250
-3281
2599
3285
-1584
1329
-4810
-4365
-4070
4874
4826
2668
3243
-4526
4495
-868
3376
2803
2730
4461
2894
-843
4543
4885
1609
-867
4330
-4552
-3591
 399
4957
-4637
4435
 644
2391
2680
-2162
3926
-4871
-1738
-2882
 698
2039
4006
 450
1206
-3196
-2268
-3209
3276
1467
 -52
-2008
-3296
1737
-3358
2008
-4412
1661
 -33
-2832
3076
-2771
1252
3783
2499
-3978
1155
-2288
3230
  79
2806
2299
1370
-3971
3284
-330
4293
-3694
 386
 405
-3560
3177
 579
-3027
-1050
 512
 510
-4938
2141
-483
3131
4867
-4150
4437
1918
-1678
-4330
-3237
3218
4179
-3116
-2119
1870
2851
-747
-3826
-4597
3765
-3277
 909
4886
-4634
-2453
 101
-2128
-4939
-3729
 935
-1018
1867
-3002
-2858
1747
-4794
 -79
2824
-2804
-1511
-4812
 199
3212
-1548
-1775
4560
-4815
4716
 -15
-2496
2533
4054
2708
-2127
-1641
-530
1362
-3144
1230
1740
-1265
 286
1055
-4581
-2273
-774
 737
1658
3329
-4231
-916
-766
 967
1430
1897
3643
4880
-3154
4381
-920
-370
-890
-3479
-3449
1906
-1777
-300
-1972
4650
-608
-1939
3013
4483
3223
2301
-3484
-3852
-1416
-2345
2308
1716
-3258
-473
3781
 981
-4850
2526
-3434
3193
-4135
-2202
4313
-396
-4073
 600
1924
-4585
3540
1524
-4478
-1915
-3860
-2409
3700
-4197
-2620
-794
1532
3479
2754
2494
-1495
1156
-4901
-3111
-1623
-2412
-3557
2341
-1540
 390
1104
1356
-970
1585
-583
 -81
  66
-2331
-1498
 645
-1320
2973
4724
1319
2888
-2878
1746
 470
-2721
-1742
 555
-4497
-2046
3714
1479
2808
4001
 170
-3858
4936
3766
3705
 740
-1161
 -92
-1418
3893
-2564
 -37
3321
 928
-2561
 545
-3121
4836
  77
-4250
1268
-1164
1943
-4607
-3986
1892
-3903
-2569
-533
3508
-4243
-4146
-4286
-2179
-3335
4007
-604
-3991
-276
-3491
-2431
-4095
-4282
-619
-2329
1061
 234
-2076
-1643
2834
-1032
-3846
-3864
-4606
-3269
-1898
-422
-4144
4795
-455
-797
-2075
-1328
2844
-317
-3363
-1668
-2352
-2026
-3982
-4450
 559
-2382
-3859
2234
2613
-874
-2792
-737
-115
1917
4125
-1168
-2305
-741
-839
-2458
-4969
-1588
1412
-4716
-1854
-4845
-4239
-2433
3409
-4764
-2573
4092
-1028
4439
1065
2463
1763
-4275
-2964
3930
-3753
1921
-2599
 177
4878
-967
4501
3089
3488
4034
1237
3963
2860
-2726
-1838
 521
1434
2564
-3408
-2837
2382
-4194
-1850
 411
3477
4167
-937
-166
4258
1251
-1812
-3321
-1242
-2284
2045
-201
2682
-4234
-4549
-1949
-1764
-480
-1150
1958
1475
-337
-3136
-4307
-3264
2641
-2266
  25
-1806
-4852
-3373
-2060
-405
 772
4156
 318
-3933
-4359
1728
-3618
-840
2935
1203
-4858
4550
-3911
2340
4098
3880
-3604
 224
-243
1455
-4905
-368
1045
-3752
 103
1899
-1037
3658
-4265
-4603
1646
1270
-1068
-278
4376
1059
-2722
-3923
2581
1935
  67
-4128
3500
-3337
-4830
1941
-1879
-3454
-3301
2761
2946
4239
-4737
-2791
3301
-3554
-2780
-2675
3251
-2740
-3006
-875
-2483
4271
 636
 561
-759
1232
-4401
3323
-2902
-2631
-4460
-1445
1153
1476
2729
  43
 384
 -76
 306
-3068
-668
4789
-167
-1908
1122
2719
3352
-632
-3055
-4841
-3291
-1991
1977
2840
-3979
-181
-2100
4804
-3754
3861
-4569
-1326
-3648
-4953
2486
-3330
-4959
4522
-3406
-983
1240
-4057
-2379
-125
4531
3043
4498
-1656
3082
-1549
4797
3997
1194
-1294
-4748
-3368
  38
-664
-427
-2868
-2062
3812
 594
-2841
2144
-2567
-3907
-1844
1692
-4355
-2351
4621
3613
3865
 394
3271
-714
-4993
4706
-4616
 454
-3583
-4999
-1988
2087
1426
1070
1504
3825
-4400
-3267
1371
3049
 346
-3390
-2441
 844
2470
1189
3816
-2289
1443
4955
2895
-918
 663
1352
-610
4559
-4582
 114
-3891
2369
2151
2524
-4101
 716
1912
-3042
1001
-4523
4361
-1403
-4873
2231
-3964
2294
 166
  13
-1538
2701
2320
-1151
1660
-329
2614
2690
-3046
-3633
1864
-350
2691
-1009
3425
2173
 475
 449
-4624
1171
2380
-2335
 476
1300
-2558
1358
-886
-4281
4236
-2490
 -65
-160
-1835
3114
3933
-4631
-3204
1088
-663
-4609
-1920
2790
-2850
 -74
-1984
3078
-3713
-903
 373
3196
-2370
-2952
-124
3464
-2982
 396
 661
4542
3916
-818
3240
 684
-2337
 544
  14
1750
-910
-3690
1222
1442
2948
2954
-2122
 -64
-2332
-482
-3481
-1111
-150
 400
1812
-4998
4366
1193
 915
4379
4220
-3371
 440
4132
1928
4926
-393
3337
4820
-4384
4165
-603
3316
-4371
-394
-1883
2437
3516
1603
-4214
-100
-2470
-3543
-2934
-1011
 466
1100
-3234
-1341
 614
-3477
4761
3238
-4666
-4308
1142
-2137
-2097
1751
3090
-1570
4701
-921
-1979
4128
-2138
 210
-481
-1059
 -68
-1685
-4760
4107
  44
 904
-2559
3478
 417
 523
1636
1307
2933
2420
-1555
-1561
-408
 880
-2814
4566
1064
4849
 876
1517
 402
3079
2974
-1735
2269
-334
-122
-2855
 -75
 320
3119
4575
-1784
-1224
1818
 983
-277
-1226
-582
3694
1971
  60
-4409
 186
-2053
-4981
-2233
-224
 -48
-506
-3623
2062
4071
2570
 930
3644
-4278
1305
3881
1077
-4560
-4682
3461
 240
-4202
 413
4648
 608
 -54
3673
-2324
-4079
3403
-3205
1133
 164
4436
3353
3625
-3343
-3993
2588
3110
-3320
2995
-386
-2131
-3614
3801
1000
-445
-1562
-1392
3490
-3649
4169
1970
3373
-1124
-4550
2280
-2591
3541
-3871
-653
 279
-4700
-612
-4119
4432
4570
1791
2377
3631
-1677
4532
2493
-2600
2368
-2729
-2415
 630
-4723
-1314
-1946
4338
-1689
-3492
2202
-2991
 274
4438
-4892
 632
 -77
4397
3161
 577
4852
-885
-2495
-2436
-4320
 794
 568
-3804
2688
1577
-3540
   2
-1809
2331
3719
-1932
1991
3267
-2637
-3328
-3776
2606
-1073
4598
-2744
4172
2800
4373
2611
-3528
-174
1788
-4141
 654
1225
-3751
-754
-4091
 184
-3509
-2020
 651
-413
4194
-4912
 378
2125
4597
3956
-4347
2647
-978
3630
2379
1651
-1659
2882
2440
-4831
-3549
-3727
-236
-1900
2172
-3714
-2821
4626
 392
3820
-2786
-1258
-3711
4078
4048
1814
-3700
-2235
1591
3258
-1438
-4703
4624
-2859
4906
1530
4406
 377
2287
 578
4004
-2451
4333
 183
-4796
-2909
-4972
-4684
-1034
4664
1269
2785
-137
 635
-1509
 130
1976
4923
-4872
-2880
3604
 672
2753
4661
1373
-1081
4195
2132
-430
1506
-555
 -22
-4182
 806
-1921
-1848
3703
1201
-2973
2004
 308
-1938
-3057
4782
-973
 288
-2155
4244
3096
-4364
-4322
2863
-1451
-4085
-4772
-3257
3192
-1941
 699
2484
2568
-198
-2287
 780
-1332
-1423
-2654
-4755
2378
-3102
 933
 748
4190
-4116
-688
-558
-3833
3322
2458
-164
-1574
-2811
-806
4824
 681
-1547
-2734
 171
2985
-4501
2462
-4028
 310
2386
1159
2672
1399
-1846
-3001
-3817
-2926
4807
-4736
-451
4644
3071
 822
 710
-4739
2271
1491
-1355
2698
 435
 222
-2493
 415
2007
-1083
-4376
-1975
2352
2072
-592
 841
3014
  16
  86
-3737
2819
3442
3340
4992
-3811
1804
3970
1600
3988
-1160
-4228
2847
-1266
 848
4887
1736
3745
-1272
-4294
4043
2767
 316
1878
3432
 153
2035
1126
 953
-3795
2597
1392
1709
4638
 409
-1170
 517
-247
1510
2595
2796
1810
 575
3691
-1760
-4710
1004
-4439
2802
1926
3253
2281
-662
-2183
4066
-1992
3896
1085
3686
-1662
3704
-647
 753
-1140
-3715
4251
-3311
-4406
-2520
-4090
1719
 960
-4216
1136
-347
3957
-2818
3032
1011
1386
 126
2005
-2472
-3517
4790
4419
3398
 167
4009
-2840
 564
-3507
4603
-3802
3356
-3388
1369
1957
-2367
2777
4087
2401
-2158
1743
3947
2047
-1766
3174
-2819
4620
4456
2286
2119
-259
4548
2684
4579
-2622
-1491
-564
2715
-823
-893
-4053
-3251
-618
2815
4680
2936
4919
 734
1214
-4435
1686
-3616
2618
-2395
-735
-1916
 -56
-968
4496
-971
-2437
3972
1964
  90
-189
 133
 723
-2544
-1878
3701
-3158
1837
-4870
2118
1178
-4241
-1461
-4167
-3380
1582
3484
1407
-4341
-135
-1836
-4039
-4001
-4437
 529
2014
3605
 267
4471
-4083
1749
-2666
-2543
1306
-2004
-3010
-3464
2215
2964
-1751
1468
-3906
-2416
4218
2221
-2931
-203
-3706
 350
-2738
-4179
 515
-3122
-4676
-3652
4394
3748
4748
-4860
2373
2912
2734
-3416
3753
2610
-2403
-1786
3317
3925
  17
-4628
 795
2381
-1159
-2205
1995
-1228
  68
1734
2121
4430
4208
 901
-2141
1871
1062
-3039
-4221
-2796
-401
-2104
2156
1197
3532
2759
1821
 642
-1029
-3832
 452
4589
1191
3233
 -20
1762
-2500
1998
-3375
-1025
4011
1619
-998
1456
2278
3844
3210
1640
3646
 498
-1204
3935
3730
-4833
-1837
3450
-143
 875
2971
4300
3198
2921
4296
2135
 796
-3946
-4817
3009
4349
2429
3215
-4002
2870
-3951
-4312
2959
4541
-3428
-2215
1114
 -93
2541
-2438
-1568
-706
-2866
2746
3943
 243
3732
-2924
-2411
 970
 148
-1119
1038
 589
-458
-3241
-3841
-4491
1551
 993
-4761
-3899
4856
4309
1963
-1628
1119
3395
 862
2804
1501
-3059
-4476
3280
-1877
-4045
1099
-4388
3879
-2358
-2309
-3837
4652
-3532
 145
4063
-640
3831
4634
3027
 292
3872
2881
-1352
1981
1336
-2220
3298
1052
-304
-2140
 689
-472
-2448
-1799
3377
  82
-3458
 683
1733
-3572
-3839
3638
 860
4996
4760
1416
-3784
1932
-3031
-1741
3050
-1331
-1819
-1597
-230
1432
2184
 289
3809
-3344
2970
-1279
-1667
-2050
4135
-358
-4719
-2540
2427
-738
-4515
-2443
-691
 365
-1512
-3278
-2056
-1261
-3830
3915
4045
 252
2037
-3763
 158
-1055
4649
-474
1862
1017
3062
4014
3807
-4908
-3585
-4839
-3927
3379
-1093
-1573
1152
-3777
3764
1311
-732
-2366
-4926
-2478
2859
-3544
4555
2168
-2587
-1755
 225
4538
-4037
-1436
1401
3064
-3994
3083
1115
3144
-4532
4703
-2532
2126
1691
2531
3155
-2503
1564
3827
 712
4136
4339
-1875
-4828
1625
-543
-4432
1058
-1645
 582
1526
-658
 541
-719
-2789
-4568
-4474
-1190
3826
4630
-2043
-2517
3968
4855
-1196
1634
3120
2728
-1515
3487
-1447
-4941
3433
 447
4681
4536
2960
-2080
4304
-331
2853
-1793
-488
 557
2209
2043
-2221
2569
4193
3707
 782
3990
-3138
2702
4459
-3374
-1195
 745
2941
-1524
2200
-2465
-2318
2298
-2033
-406
-4111
-2313
3797
-2384
1303
3055
-284
-2679
-4069
-1652
 694
-3308
-2348
2404
1535
2511
4487
-2375
-2347
1986
2603
2254
-4323
3184
4735
1668
2757
-1454
-457
 345
3689
2414
4893
3787
-4099
-1274
-2092
-1674
3399
-2224
2019
 761
 -84
-4226
3038
-3149
-1311
-3315
-4402
-2873
-4520
-1409
-2506
-1959
2237
-271
4947
 961
-538
4340
-1302
-2404
1576
-4881
1757
-3990
-1759
-3180
1597
-244
-3916
-3957
 427
-1106
-4914
-2350
1999
-1638
-165
-1803
-3513
4463
-1529
-2570
-906
2229
-495
-2526
-1057
2855
-1406
-1444
1195
1876
2397
-2099
-2957
-4010
2460
-112
3760
-3203
-171
  59
-227
-1295
-1062
-2629
2525
1848
1652
-4718
 -27
-3575
-1496
-4732
2016
2677
-4763
2349
 804
2361
-208
-1437
3030
-4192
2864
-1024
-4217
 951
2908
   1
3345
4524
 682
 211
-1346
-923
2449
 406
-1966
2292
4966
3334
4811
-2548
2795
-3548
-2116
4567
-1530
-3129
-4706
1444
-2655
-4006
4877
-4635
3065
-1275
4503
 356
-4669
 141
-539
-3932
-1020
2820
 337
-2482
3017
-1798
1639
-1829
-1475
-371
-2551
3366
 235
-1942
-552
 838
2351
4418
-1650
4206
-3282
3111
-2111
-216
-2277
1594
-4551
-4714
1589
-1967
-479
3969
 852
-896
-245
4024
-4671
1080
2276
2548
-4530
-4285
3895
4111
-1340
2625
-1448
-1278
-2607
-2057
-3845
-4865
-2333
4060
2106
1962
 465
-4391
1758
-2311
-1030
-1221
 136
-353
 430
1730
4713
-3470
1614
3636
4726
4813
1509
1927
-943
-2172
-4800
2036
1562
4660
-3505
-4126
1325
4002
4209
4499
3297
 445
1177
-404
2333
-1801
3492
-2276
1451
-4867
-2059
-3755
3886
 565
3222
1801
2638
 534
2890
-2779
 869
3480
-4442
-3240
-1210
1192
-356
-950
4599
3236
2467
 874
-333
-3061
-1779
1671
-428
 846
3535
3392
1256
 787
-1399
-140
-941
2046
-2339
-1653
2327
-3160
-4271
-2664
1367
3476
-3717
-3060
3584
-4629
-1359
3444
-3511
3889
4424
-4829
 896
3571
4302
4903
 949
3191
-825
-1269
-3007
-3467
3265
-2999
-3568
-3164
-1407
-931
-3840
3101
 711
1966
1360
-1071
-4514
-4314
-4936
-148
-3482
4262
-3504
-2197
2838
-2889
-281
2434
-4493
-3900
-960
4032
-464
-2018
2011
 917
-782
1413
1754
4474
1922
3067
4493
-2817
1458
 -16
2949
-4264
4030
1357
-288
-2019
-2176
-3632
  -2
2552
-2686
1346
-2669
-4206
-3791
1233
-905
 850
4643
-3053
-2606
 -36
-4655
-4158
-4507
-338
-3370
-475
-3229
-4891
3412
 343
-2951
-2634
4039
-2785
2579
-3530
-2480
1477
2372
-2582
-280
-3773
-2240
-4590
-2435
-1739
4143
-1604
4863
-2091
-1483
3980
-2945
3583
-4734
4780
-336
-289
-417
4450
-4260
 706
1901
3666
1355
-743
-3215
-4900
-3880
-1143
-235
-1709
-2299
3259
3615
-1902
1785
-2903
-4051
1255
-1267
-4897
 244
4307
3901
1157
-4163
 -83
-3473
-1112
1889
-1107
1542
  69
-746
-4668
 395
1176
4627
  50
-1469
-1906
-407
-151
 811
2300
-1508
4336
1258
-605
-2533
1629
1493
-704
4494
4816
4984
-828
1616
-4848
-4801
-3965
1710
3172
3459
-1706
-4295
3000
1289
-233
-672
  47
-1049
-1731
4187
-3348
-3372
-3794
1933
-2715
-147
-4486
2402
-3400
-3366
-3392
-3217
 940
-4024
-1402
 976
3467
2925
4659
-1705
3291
-957
4154
 117
4829
4801
-560
-1986
-2956
4705
 866
-753
3008
-4927
-2623
-2691
1714
-4413
3656
3548
 -89
2573
-228
2957
-1241
-779
-2365
3518
-1696
-4529
-1666
-4600
3959
 662
-3153
-1319
4395
-113
3456
4255
-986
 834
-4940
4904
-3072
4861
 493
3863
-1008
2945
-623
-3133
-4738
-1598
3845
-4253
1989
1806
3307
-144
 640
1853
-4154
-1578
-3017
-1553
-4238
1703
-310
-3730
1557
-1366
-4470
3372
-3262
1689
-392
-953
3709
 646
1670
4518
2762
 962
-2327
2749
1421
-264
3106
4314
-4979
1579
-3497
-2813
2875
-1890
-2147
1265
-4498
3463
-2355
-295
-1281
2916
-4861
1024
-4482
-1045
2952
-3625
-3030
-2420
-1842
2182
-3547
-2216
 353
-1122
-170
-1368
3858
 202
3811
-3987
-693
-470
2887
1498
-4436
1073
 765
-1419
-4346
-1181
-4565
 155
-4244
4544
2244
4315
-1663
2915
1121
1705
1894
-1581
-409
 284
-3749
2175
4989
3182
-4785
3610
  78
 494
2218
1972
4774
2026
  33
1795
-3851
-1253
 883
-3407
4242
-4917
4674
-591
-1497
-4317
1726
3133
3975
 176
2975
-2098
-2118
3594
-3260
 696
4610
 922
-1560
-1362
4363
-914
-2040
-624
-1264
-1539
3974
 888
-158
-3475
1063
-3913
3920
-805
-258
-586
-3325
-2196
-2372
-1516
-3687
-1133
-3185
-4974
-3778
3582
-2087
4980
-3097
-2428
4357
-1162
1484
-1290
2099
1173
1574
2389
-4340
3672
3894
1778
-2635
1454
2988
-397
3224
 519
-499
-4100
3118
-1525
-4055
4160
-1209
-4164
-4765
 -18
3029
-4759
 -98
-1833
 576
-2720
-1044
-3555
1245
2249
2057
1060
-2374
1807
-3236
4422
-2565
-3054
-2192
-609
1952
3024
-2801
-3186
-3562
-4043
3429
4810
-700
 477
4378
-3808
4490
 942
-3009
-3925
-3873
-3590
3697
-4403
  -9
-2557
-3078
-4272
-3000
-3225
-2981
3892
4848
4284
4484
 180
4604
3430
3674
1663
-1388
3145
3773
-3984
-210
4197
-2239
2174
-3438
3934
-1931
2169
3596
-4708
-3764
3305
 936
 839
 678
-4506
 319
4443
 604
4742
-1152
1485
-1004
3687
-1218
-3570
2367
1540
4403
-2491
-4640
-2271
1940
-1535
3137
4109
2487
-1576
-3194
-1892
-554
-4097
4299
-3114
-1887
4587
2913
-812
-1339
-4775
-272
2468
-2336
4148
-4369
2932
-452
-1175
4384
1505
-3683
-1723
-4332
-4661
-873
-1040
4426
 307
-1465
2490
-3119
-4262
  19
  41
 647
-4188
  11
-4446
 364
2585
-3854
 752
-3169
2823
4230
-2125
-111
-4096
2942
4739
3152
 249
3439
1675
-202
-744
3277
1886
-4790
-1778
-4453
-1795
-3489
 461
-799
3135
-3341
-1814
 524
-1613
-1719
-3877
4355
1967
-607
-2943
-2815
2417
4591
 135
3235
-1039
-4906
3851
-3774
-3608
-3728
2976
 490
 587
-1510
2260
-2876
4687
-3405
1457
  54
1049
2776
-1165
3918
4865
-3005
2101
2560
-1990
-1400
4137
-3357
2465
3876
 -49
-1104
-2400
-2969
4134
-859
 190
1288
-3360
 671
3731
3914
-1716
 212
-2907
-4171
2248
-4160
3148
 955
-156
2356
3555
-4685
2178
4155
-4339
1378
3549
 264
-2642
1558
 609
3870
-3495
-2108
-3409
1891
-2427
-3393
-2881
3003
-2766
 511
-2748
2108
2288
-2199
2089
1811
-1284
-4303
-3624
-2357
-1351
-798
4682
-771
-4822
-4036
  92
-728
-2034
4131
-2474
2245
1041
-3035
 968
3183
2128
-3607
-1849
-3640
-403
-3824
-2833
1956
   0
-3076
-3288
-589
-2601
3031
-1023
-129
2799
  88
2693
-1845
  85
-1729
2582
1308
-3571
4899
-1519
-500
4775
-3966
3804
4922
1973
4375
4963
3739
-2656
-4324
-4479
 351
2204
2038
-3569
 877
-2954
 187
 596
2509
1494
4997
-4657
4920
4454
-2000
-990
 113
3388
2876
2488
1338
4889
2207
2831
1460
-2825
-375
2962
3654
 837
4578
-1861
-4263
-176
3326
-432
4873
-447
4161
-2188
4513
 303
-3063
-3908
 873
1555
-4186
-1240
-1713
-2849
2109
1888
-3433
-4342
3558
1718
 560
-1398
-956
1937
4979
4058
-2990
1525
 374
4683
2676
2738
3283
3482
-989
-1910
-665
-469
 971
-206
  51
 616
-2603
-3181
-437
-733
-3967
-3429
3960
-2853
1186
2242
-3247
-2227
4729
-3077
-1810
1093
-3659
 771
 505
1987
1128
1333
2764
-4481
4280
-1502
-4348
4026
-2398
-2007
-2418
1334
3987
-292
-1736
2928
4013
2445
3539
-1721
2031
2074
 676
4188
-1943
1990
3695
1389
-2150
  74
2485
-2998
2825
3642
-1648
-2208
4278
-768
-4849
-351
-3936
4585
-4768
-1514
1320
-519
3628
-4140
2841
-1876
-602
 643
-1621
4858
-4444
3294
2705
 305
1575
3647
-4909
4421
-3750
-1452
-3052
-4842
4217
-851
4772
2850
2284
4211
1223
-1505
  83
-1014
-630
-3045
-1757
-1727
-2742
-2639
1621
4827
3178
 181
-3922
 143
-4533
1627
-988
-3442
1253
-3084
-2356
4203
3056
 419
-1233
-154
1220
3993
-2627
1323
-4334
 778
-1763
-1974
-3980
-4205
3665
2645
1036
-3954
-381
-3126
2177
-4115
-4646
-3324
2709
-4445
-1046
-2467
-2468
1431
-2326
-516
 563
2814
1925
-872
1607
-1824
-4015
-2530
-4060
-2002
2310
3020
2643
-2762
-384
-4698
-3855
2500
4614
1983
-2596
-4468
2775
2050
4210
2791
-915
 819
-2132
-1501
3261
1847
-1695
-698
-1726
2615
-1478
 828
-1301
4118
2969
2997
3387
4476
-1123
-1669
3289
-1928
3839
-3947
4245
-1860
 925
-3529
-2203
-4793
-4662
 990
2620
4113
-4913
-2632
2868
4291
4102
4368
-987
1920
-240
2605
-4907
3552
1694
3777
4038
-1951
-2473
-1318
-4971
-651
-1426
-4489
-1041
-1595
-1153
-4670
1773
3808
3589
1669
1169
-4982
-2714
-1948
3213
-4508
3996
-3958
-1156
-932
2667
-3721
-1271
3035
 -19
-720
-2692
1699
3166
 482
-3821
-133
3847
-498
 638
 763
2335
4295
3021
-2406
3536
4717
-3480
-4175
-4601
3931
-2937
1241
  26
-4649
4883
4870
-762
1724
-3835
-4086
-2605
 276
-2426
-638
1662
-1646
 762
3426
2146
 372
 275
-712
2473
-835
-4129
2813
-1675
 624
-4094
3617
1618
-2126
-935
4260
4170
-4989
 457
3495
-2861
2453
2033
-2280
1704
-3720
4025
-2928
1057
1959
  20
 977
-4316
2413
1084
1552
-3220
-1633
-3202
-4598
1598
-2407
 755
-326
4391
-195
1797
-4427
4941
-4075
3520
3260
1554
-385
2222
-4696
-1847
 462
4853
1143
-930
-3383
 246
-751
-3668
-2879
1394
-2652
2566
-4103
 760
 -57
-2294
3681
-484
4223
 815
3499
-3758
2216
3790
4074
-354
2867
1909
2064
-3587
2042
1902
-1129
1838
4653
-1956
-4722
-1756
-2790
4452
4475
3557
-2839
4808
-3424
-2690
 441
2503
-4012
2998
1042
-1186
-1864
3453
3368
-3853
-4687
-2283
2554
-199
2407
2317
-2699
4900
1376
-1758
3163
2926
2446
-3898
 469
1299
-4636
1929
-4395
3486
2760
1348
-1316
-1896
-4729
-2209
-2228
-578
2696
4719
 480
 945
-3384
2909
 385
-587
-511
-168
-944
3593
-3805
-928
4328
4844
-3246
-4951
2496
2586
1961
 996
-2822
 250
1054
 724
-1813
3623
3449
 889
-3290
-4440
4625
3180
1243
3888
-4889
4773
-3419
4606
1383
-3546
-2230
-3131
-2834
-4735
3033
-2031
1988
-1194
  21
-659
1950
-1822
-4201
1183
2196
-355
 455
-3455
1816
3855
-2011
4869
-1280
 807
 709
-703
  -6
2817
 -17
1887
 226
3803
-4189
2262
-1223
-1063
2506
-3034
-1136
-4335
1502
3542
1522
-1334
-460
4647
3688
3927
-1761
 -72
3384
-3469
-103
4921
 -88
-2272
4930
2674
-2066
4214
2343
-4034
-1980
-3636
-4165
3134
-490
-2052
-4502
-2151
-1912
 -62
 854
-4919
 631
 503
-4911
-981
-3797
 658
2423
 368
-2731
1028
-3582
3466
1461
1281
-4110
-2024
-633
1676
-3043
-4208
-180
3086
 733
-3669
3417
-2768
4046
-2346
-2975
-2320
2669
-2134
-4543
4405
 123
 159
-1390
2529
-194
2205
 196
-855
3662
2189
-3909
-4296
3524
-1010
-302
-1142
-3064
1239
-4074
-1603
-3902
1615
2750
-4052
-3637
 566
-1783
-1712
-309
2027
-463
2877
3396
4986
 197
 973
-1537
4460
-1970
1857
 705
-468
 985
 192
4088
2963
-1227
1181
 556
-892
-3719
4414
-2385
-4072
-4463
 -85
-2139
1946
 219
-1442
1285
-433
1944
 732
 700
-1383
-622
4800
 649
2270
-4464
1228
-2798
3966
4407
1731
 595
-1127
-3812
-2170
-4249
 539
-3207
-2341
-4521
4840
 728
-2167
-4948
2145
3503
-2381
-2883
-4344
-1609
-1270
-221
 974
3715
-2258
-3327
-4431
1295
 585
 599
3964
1488
-4381
4205
4488
 680
3897
3823
-2667
1071
-595
2071
-3949
4586
-1038
4588
1580
-2706
 429
-4224
-2084
-3440
-3430
1154
-3768
2549
3570
-2755
-4781
1830
4506
-4779
 207
 650
-3171
4946
-1618
-2093
3607
4224
-1108
-3103
-4695
3756
-2006
-421
-2708
-1310
-1563
 -58
-2562
-211
-3032
4640
4207
-3924
4693
-1288
3390
-2970
-1091
-2939
4189
-2965
-614
2337
1448
2000
2376
-4615
4267
-436
1102
-3130
-4652
1776
-1788
1226
1082
-4667
-4374
 725
2065
-4246
-2784
-3537
 584
3290
-1582
4276
-3239
-3014
-4462
-3426
 300
1798
3363
-2936
-1177
-223
-2456
2892
-975
-4259
3806
2498
-2219
 687
-3825
-429
 918
3632
-2979
-3738
1261
-4336
 397
-3526
-3691
-3592
-2710
4465
-3552
 344
-1370
 254
-4586
-2971
4881
-2079
1573
-3436
 262
1410
3304
2430
 277
-1567
-1363
1327
3559
1127
-2477
4041
4733
 895
-2619
-2159
-767
 -67
-2865
 931
 230
-4868
-1047
-3460
4298
-2673
1328
-3008
-4124
4317
-3747
-1520
-1335
-4660
1679
-4809
3661
-214
 580
4754
2029
4530
-2759
 433
-4270
-1808
-3930
-268
-951
3443
-2028
 857
-3959
-4885
-3895
-865
-3938
-1724
2323
 500
-3313
-3404
-4673
1637
1005
 941
3047
-566
2930
2454
2717
4612
-4705
-813
-3606
-2440
1744
-4960
3434
4847
-352
4764
-3226
  -7
  73
-1995
-1481
2686
3902
-2987
-3244
-3086
3141
4864
4150
-2590
 147
2181
-3605
 952
 994
 756
4781
-3781
-4293
1039
 321
2314
4466
-3542
-3476
4882
-3432
-1184
-2688
1423
-2773
 206
4055
 842
1979
-4375
2849
-3558
-1285
 420
-4428
-4213
-3662
1939
3381
3481
-462
2843
4698
2338
2388
-4372
1292
-3660
-4863
-346
-4970
2748
4492
1565
-2886
 193
-1005
-3033
  32
-1753
1015
4619
-4924
2040
-2396
-4065
1385
4263
4689
4665
-2081
 108
 160
-1594
-4054
-3742
3335
-803
2788
-4261
 820
2664
1404
-312
4890
3205
-4212
-1114
-3748
1695
-2687
1335
-1446
1264
3094
2220
2770
 965
 912
-4387
2755
2395
-1303
 -86
-4058
4417
-2933
3332
-4000
-3809
-3843
4256
-2425
 919
-954
4857
 715
-2068
1180
3985
-3603
-2993
4288
4692
4512
-4211
3590
2712
-2502
-3710
-2105
-308
-3503
1581
-152
-549
2593
-4712
3898
  52
-985
4592
 729
-4005
-2888
-1145
 590
4497
-1534
-2653
-1277
 257
3496
-2177
-4077
-1818
 827
4577
4711
2996
3136
2492
3154
4549
 425
-965
-4143
 312
4235
-4240
1425
  29
-3261
2384
-4490
2122
-4118
-2628
4794
-1306
 348
2077
-471
2898
2081
3566
-1702
1945
4238
-2592
1396
2968
1235
-4417
-3699
-4747
-3617
1066
4667
-222
3436
-3345
3755
-4199
-342
-724
-3883
1035
1471
 629
 407
-2391
2015
-2848
 738
-4338
-673
-3255
3718
-3493
-2120
3472
1915
4115
3437
-666
-1635
3907
-2328
-3912
-4169
 601
4387
-1626
-2994
-2013
3635
-4020
4983
2350
3149
2505
4270
-2694
 162
3367
4059
-1098
-3486
-748
3336
-3271
-3123
-3361
-4394
-4826
1408
-3233
2129
4086
2303
-4159
-1531
3655
-1825
1377
-2388
-4276
-1608
-324
2153
 297
3780
1466
-576
3999
3720
-844
2889
-1655
2779
4582
-1286
-1003
-1769
-4127
1436
-2671
3853
2095
-2135
3983
2012
 730
3626
 551
-907
-390
4929
-3099
-1722
1907
-1430
-4114
3910
4913
3751
3513
4949
2415
-1420
-4098
 703
4918
-249
4843
-3128
 779
4359
2054
 138
-3305
1472
-1952
-645
4423
4467
 764
2312
4546
-3828
-3941
-837
-3187
-877
3181
1508
4757
-572
-2362
-4686
-4180
2666
-3681
2240
1813
1280
4385
-3678
4793
-1000
-4021
1832
-2061
4723
 -90
-597
2162
-4066
-2243
-4711
4937
3441
 434
 538
-2940
2475
-219
2576
-2546
3799
3949
-3459
-2892
-2182
-505
2187
-2749
1185
-2835
-2163
-299
4540
2018
4449
2837
-1579
 451
3648
-1630
 152
3266
-3921
4489
3039
 -23
-2735
2339
-3245
-290
-2972
-3468
4084
-792
-817
-149
-577
3320
4332
2939
-4187
-3945
3175
2671
4199
-2724
4468
2650
-3224
1908
2075
2857
-4656
-4956
 825
1112
1026
2385
1592
-4389
  62
-522
 574
-2038
-4688
-2521
-411
-2286
-4955
1393
-677
-1105
1523
-3613
-3216
-2475
-2085
-3665
-2831
4678
  80
3514
2911
1103
-4929
-3020
4710
-3422
-1982
-387
3573
4985
-676
-2776
-4267
 437
2111
-4988
1643
3375
-3646
4651
1644
-3090
-3799
3314
3941
4961
-2860
3374
1318
-4319
-1919
1406
2646
-2012
2214
4458
1135
1820
-1216
-599
 255
-3147
-777
 570
3158
2466
3717
2527
-1103
-1571
 -25
-1283
-1924
1601
2571
-1765
3683
3948
-2247
-752
4805
-1072
4898
-984
 690
4225
 149
-2974
-1617
-3541
4398
-1672
-1746
-1211
-4798
-838
2772
-4639
3319
1481
 283
2282
-639
2528
-1384
-3689
-3876
3103
2363
-3707
2345
-2947
 256
1768
4215
 769
4077
1250
 239
-497
-104
 115
-2180
-2794
-2156
-4441
 154
 991
-1026
-2270
-1092
 840
-1993
-2877
-1202
-4258
-1792
-2844
2058
-2306
4879
-1471
2293
3046
-1248
-2698
-2983
1890
 269
2515
1207
-3757
-3089
4611
 432
3778
1106
1584
3814
-339
 361
-1381
-1682
4905
4234
3977
  58
-4672
 418
-4877
-3803
1283
1198
-2767
3579
-1611
4646
-4691
-3104
-2712
-765
-4623
-3527
-363
3053
-250
-4301
-947
3560
-367
-2297
-1203
-1131
-4454
2431
4802
2532
-4483
-3597
-547
-2966
-4393
-3049
-684
3239
-1926
-550
 499
3929
4129
-2044
-1115
3992
1869
 218
-456
-4604
-4726
-1007
2246
-2697
4763
-443
3063
-2737
-2572
-2953
 821
-3340
3189
-2065
-667
-4784
-3884
4457
-187
1834
1405
-2577
-690
4337
-2617
-1080
-1610
 347
4249
2771
1817
-1128
-1427
-4318
4044
-4593
-2229
 404
1450
-291
2438
 897
1863
-2977
-285
-4626
-4014
 803
-3272
2424
-3294
-3939
3857
-1694
-1780
 509
3906
3597
-3188
-1884
3286
2412
4743
-2604
-1138
 401
-1558
2829
-3688
-2095
1923
2774
-3350
4673
 -28
-2204
1317
3498
3419
 116
4073
-856
-4513
2070
-2809
-1422
4508
-1373
-4788
1770
3640
-1166
1833
 817
 263
-1989
-660
1372
 389
3313
-2181
-1839
-830
 198
1078
-3787
2272
1844
1900
-1752
2768
4182
4442
-2077
-699
-4305
1316
4581
-2545
-316
1854
-3831
4482
 301
-2874
1949
-2424
-1120
-2223
1470
4704
3040
3308
1790
2980
4352
-2049
-4894
-3299
-2795
-4089
-4405
-193
-1016
2602
2612
-496
-883
-836
-3212
-940
-3365
-2392
2149
1681
-2747
 459
1595
3587
1667
3866
 620
2938
2530
-1117
-4701
2255
-678
4668
4153
3099
4700
2091
4641
 349
-3401
-4451
1260
 -70
-3096
4274
-2554
3095
-4031
-3402
 217
4448
-876
-1699
2481
3333
-4665
1822
-2736
1879
 736
-4429
-2895
2084
1794
 997
-2700
-537
3680
4938
-1901
4146
 311
-359
-3377
-3551
-590
1783
-2829
1129
3553
-1564
2450
 -44
2110
2100
-232
2226
1492
4525
3619
2992
1290
-4183
 393
-4920
-652
-4918
-297
-1907
-4022
-1333
2833
 871
-2446
-287
4175
 905
-3184
-3622
1081
-2578
4696
3448
2899
-3615
4277
4633
-4733
1673
2291
-2246
3185
2839
3052
-3179
4173
-2338
4062
3965
-870
  89
3791
-4517
-4566
-1998
-3044
2635
-294
-2207
-811
-2360
2390
-2807
4601
-4137
1459
-2630
 248
-3318
3411
3034
4838
1002
3445
-3263
-4921
4362
4033
4571
2425
-2689
4297
-3431
1533
-1076
4823
-2463
-3746
3077
1842
1885
-842
2905
-4149
4952
 988
4428
-4704
 776
-3856
-648
4464
-3423
4954
 329
-3612
1019
-2430
-2393
3502
-524
-319
-1858
4358
2609
-4771
-252
1321
1368
-2908
-3135
-1070
4151
-515
-1791
-1691
-3437
 472
-1217
 242
-1067
4500
 514
-4556
 410
-695
1969
-1874
-2525
4429
1527
-4363
4655
2845
2955
-1476
-328
-715
-2094
1217
-3314
 775
-454
1831
-4574
-4770
-4967
3834
3702
-2153
-1543
4052
3736
-435
4227
1242
3378
-2665
-3379
1263
3682
-4579
-3692
3620
-1631
3698
-1408
3080
3254
3112
-1230
2239
1174
-4843
-4642
2598
 -99
-969
-3382
-477
-109
3591
2152
-4047
-136
3446
-2073
-1357
-4396
1630
 859
-3444
1514
-1711
3961
-2212
-908
2093
 829
3924
4916
-2489
-3050
1271
-4349
-4754
-2145
1212
3763
-1132
-1247
-3310
3460
-3676
3942
2233
-2518
-3168
3227
-1994
-3847
-3127
-4562
4486
4147
4832
3397
2632
1025
2662
4447
-958
-4512
-340
-1219
-376
 -40
-134
-3878
4178
 105
2195
4068
-1358
-1852
-815
-4117
-365
2283
-2457
-2775
-2497
 898
1083
-327
-3108
1796
1549
1513
-2719
-4350
-2717
2315
-1379
-3201
-4674
2102
3097
 791
-4209
-966
4514
-2563
 121
-4499
-1163
-2408
-4966
4924
-123
1541
-4847
-1298
-2919
-2301
 104
2193
-2217
3692
-121
3792
4825
-3955
4183
-3723
2066
-2319
1130
4902
-1188
1561
-3231
-2594
2416
3981
-3075
1774
 668
 704
 823
 -53
3890
 868
-1807
-3242
4623
4311
-1616
3414
-3300
-2757
-1790
1951
-679
 -31
-4252
-1425
2069
-3863
4562
-4807
2563
-4196
-4466
3517
-901
-3013
-3004
4545
1170
-514
-1580
3836
-1208
-2368
1200
4745
   3
2090
2164
-3736
4737
-3091
-3814
-3092
 617
-1859
  70
3209
-3788
-793
2862
4958
-4041
-3510
-4995
2504
-323
-3670
3752
2448
1105
-3098
-4203
-581
-3461
4746
 146
  37
2063
1474
3386
 340
1312
-2444
4635
-4910
1098
-3080
 540
-1934
-1734
1865
-4576
 446
4554
1843
4976
-2549
 890
-3693
-1605
-1673
-3789
4690
-816
-3502
-218
2608
-101
-3675
-4291
2176
2832
-4854
-3770
-4895
-2376
-4952
-613
-670
 150
4959
1760
-4360
-4648
 131
-1414
1009
1020
 431
-360
3710
-729
-702
-4162
 380
4753
 939
-2187
4433
-1394
 -39
-2745
-4503
 938
4485
2692
1546
-4890
3309
 253
2056
2296
-1557
3454
-3206
 899
-1851
-1002
1478
4969
-389
 -78
-1754
3109
 603
2629
 789
-3935
2640
1599
-3940
 359
-3685
-3638
3761
3361
1246
2002
 533
 927
-4458
2811
-3974
-2769
-3865
 487
-1042
-4742
3247
-1450
2399
-1410
-4120
-1620
1345
4401
1286
2827
 549
-926
  56
-2918
2455
2251
1428
-4625
-1134
-3744
1781
-3635
2871
-1888
-1099
4374
3348
-2245
-1100
1828
-1064
1858
2319
-3745
2210
1095
-1292
-2373
-4740
-3820
-2681
1342
4085
4580
-2296
-1622
-3025
-4131
2929
 882
3577
1046
-2678
 944
-1665
1079
2137
 467
4265
-4859
-1078
-3920
 236
-348
-273
4285
-2168
3744
-919
1702
-4950
 120
-2250
1359
-2758
-4751
-1490
2409
2652
-2206
1840
-585
2852
-215
2919
 338
4360
-2054
1163
-1661
1994
-705
2679
1547
-1095
-325
-4991
-2267
-2389
-2014
1772
-1488
-1315
-344
-282
4099
-2534
4741
2322
-992
1515
3023
4017
4785
-4170
 622
-1532
-4832
2329
3973
3339
-2927
2983
-4092
-1019
1003
-4300
3742
-4415
-1566
4527
-697
-4595
-1473
 987
4031
-3024
4094
 -21
-2269
2884
-4792
2943
4657
-2856
-2321
-4011
-4061
  -1
-119
2241
2547
-2194
2683
-650
3346
3750
-1593
3018
1293
-4473
-900
-3657
2279
-3771
2061
3833
3759
2752
-2651
1680
-126
-369
   5
 142
 615
2092
3139
 -41
-606
-3488
3735
4981
-2469
-2364
-1309
-1717
2247
-1378
2044
-1453
2261
2639
4779
 370
1578
-3598
-1198
 887
-3037
1653
-2658
4228
  24
1537
 335
-3680
3491
2920
4510
-2003
-1925
4441
 865
2032
-2486
-2200
1874
-4594
-1701
2206
2136
1304
4279
-2082
 140
-1606
 -50
1353
-3151
-315
4481
4629
-4883
3389
2704
-2261
4896
2575
-2086
2198
-4148
-4345
-1075
-2746
-3248
-2641
 735
4841
3420
3506
3600
2190
-2293
-4875
-3929
-2115
-3848
1337
3874
-2793
-2820
3733
-3451
-2921
2326
3382
3721
-2621
-4632
4253
3679
-731
-4008
 -60
1145
4572
1287
3693
1934
  -8
1850
1688
1069
4212
1559
3201
 189
2628
3575
3269
3917
-3836
-127
-1725
4163
-1499
-3022
1414
-2214
4953
-4505
2604
-1371
-2074
  49
2735
2436
1141
-4327
 273
 497
-1485
-2660
2513
 -24
2478
-1015
3248
-1500
1873
4455
-3885
2076
3869
3108
3782
-279
1473
 379
-598
-3893
-4420
-1237
-4528
2744
-2649
2536
-2323
-3474
-2166
2185
1486
2574
2886
4005
-2023
-4378
-2613
-2584
-1405
4845
4927
 231
2421
1199
 659
-4018
 112
4859
-3739
1424
-2777
3341
-1433
1247
4616
1149
4198
3104
3586
-4472
 602
2633
2346
3347
1146
1096
-1644
-4373
-3620
-927
 781
-3309
4915
-1126
3357
1765
3338
-3148
-3284
 947
-2905
-3861
-4697
2883
-725
2539
-902
-3189
1787
3958
-4620
3530
-3653
-2713
-694
4928
4891
 -51
 271
-2251
-3490
 957
3565
3699
-4630
-3303
2138
2328
-1522
-3071
1725
-4421
4792
3179
1006
4250
-1683
3130
1534
-3329
3913
-2275
4868
-534
-4994
2544
-4888
-2522
1507
2025
-3232
-4510
1632
-1954
 719
2223
-1781
 879
3427
 916
 367
2537
4551
-1082
3871
4557
2624
-3289
-3516
-3521
-4287
4119
4410
-1551
2781
-3872
-4731
  63
4943
-1012
-999
2441
-2359
-3351
 913
 339
 884
2147
4613
4348
-980
-410
3684
3069
3543
 637
-2285
1955
4440
4769
-1135
 921
2835
1685
1499
-1619
-4076
2366
2742
 383
1236
 767
 713
-2234
-3869
2227
4082
-1740
2030
3424
3364
-1244
 403
-635
-4185
-3792
 496
3157
1014
2053
-4266
-4534
4777
 -43
-4059
-3981
-3214
2621
4383
4416
4240
-2828
3771
-1377
4695
-261
-2450
-379
4951
-2032
3852
3550
-2476
4837
-4713
-4724
3572
-3586
-1486
-4274
-212
-2541
-4419
-4139
-2064
1881
1022
 721
-594
 422
-2961
2052
1016
-1518
4884
1793
4445
 302
3768
1642
-2593
2631
-1432
-3254
-1536
 543
-3783
-4591
-374
-3627
-1625
-2048
 107
1202
 677
3058
-545
2112
-1671
-4030
2080
-2782
-4109
-850
 810
-1201
1365
2150
2665
-4477
 966
-1197
-2449
-2674
-1785
-1802
3315
-4522
3117
-4811
2626
3365
1204
-3107
2324
3151
3757
2048
4149
-3573
-1171
3344
4472
2743
2383
-2442
-3150
1665
3899
-1327
4469
3458
-4071
-3012
1343
-138
4786
4632
2041
-3250
-4567
1409
-3177
3841
 633
4751
 562
-3417
4320
3568
3563
-580
-3387
2305
 547
 327
-3083
-1732
-982
4679
-414
4965
-1937
1210
1148
1836
-2920
-686
-3704
-707
-1885
-3403
2634
4791
3994
-2143
3526
-4947
1648
-2133
-197
2364
4164
4833
 265
1012
-512
 849
1529
3169
-1565
1097
 357
2917
-2955
 558
-745
-2130
3862
-1940
2211
-366
3113
2433
1666
-3286
-2510
1134
-4379
-2527
-3596
1717
-2282
-1614
3627
3937
-945
-178
-831
 375
-377
4607
2243
3431
-2390
-4853
2660
-546
4722
 606
-540
-1118
4593
-862
-2432
-190
4051
-275
3758
-4928
-1492
-3015
 443
3231
4730
3952
1089
2258
1884
 -96
3595
-1922
1613
-2238
-3705
-2967
-419
1218
-4326
-2986
-3195
4991
-3798
2107
-1456
2758
-1575
-2429
-2695
1745
-3827
2257
 209
 783
-2626
-785
-4608
-571
 173
 814
-3732
3275
-996
 479
 -10
 156
-2851
-820
 208
-2935
 463
1374
-3914
-3985
4231
-1541
-3559
3380
1789
3391
3639
-2121
-2608
 872
1997
1608
3485
-2857
3255
 964
-2303
-3599
-2211
 903
2155
-2499
3010
-3539
2362
4144
4040
-2723
-3427
-3829
-2410
-924
3664
-2884
-3279
4015
1040
1168
2812
 474
-1733
4350
 833
 282
-804
3875
3769
4453
4079
-3441
1948
1010
-692
 583
4720
-2960
4768
 581
4998
-4814
3533
-4343
-4033
4012
-1550
  22
1572
-1957
 805
 946
3722
2535
4912
-584
 531
-1169
-3174
-2914
 331
 421
-3761
2451
2353
-3352
-2256
-4471
-749
3415
 999
2713
-2624
1604
-4414
-3142
-1889
2517
3622
1076
-4559
-155
3671
1116
-1441
1560
-2117
3250
3864
 847
-4353
-3801
4523
4427
3850
-4996
-146
-3295
-4840
-1832
-3088
-4664
-1254
-2401
4446
-398
 194
-513
4204
-3453
-4694
2203
  71
-4984
 667
3093
3663
2085
 -66
-2405
-4040
2934
-4107
3849
-1596
1805
1566
4663
-3968
2675
-1350
-3970
2907
-4377
2277
-1750
-718
3519
-1762
1282
4201
-2756
1712
-2805
-2039
1766
-1789
2265
-3190
3088
 488
2739
-2725
-1158
-800
1034
-4789
-237
-626
-4004
1624
-4172
 -42
-2279
4120
4672
2439
2186
 532
-400
2330
-3398
-3601
 481
4050
 656
-1460
-3671
-1831
1647
-4973
-2231
4956
-2703
-912
-2171
4290
2133
3838
1341
-1066
-776
-4588
-3628
-3703
-2948
-4827
2961
-1969
-4219
-2929
-4370
2801
 777
1904
-2838
-2942
-3062
-4354
3060
-485
4684
-4767
4310
-1590
2722
-1963
1296
-491
  31
-521
-1647
-4410
-3667
3011
-1484
1738
3124
-3073
2807
-3338
-4367
-4548
1160
-4997
2491
3404
3786
-4893
4168
-3696
1563
3470
3288
4897
2848
-4766
-3712
-3397
2347
3318
-1085
 221
4409
-2189
4308
-1291
 129
  30
1384
-4064
-3996
1196
-3191
-810
4854
3241
3561
 655
3165
-380
-3074
3529
-378
-991
1556
4022
-1027
-4277
-4795
-3418
1150
4412
-3399
-1415
-3472
4806
-4758
3667
4736
 336
-1079
2396
-3677
4091
3562
3724
-3887
-3816
-1033
2263
-2615
3637
-2754
3909
1275
-899
-4392
-4808
  55
 851
1698
-372
4219
 363
-4452
-2037
-179
1403
3358
-687
-4813
-1955
4076
-3259
-2439
 998
-3249
-3312
2873
-2210
2400
-1356
1713
-270
3115
-1236
-929
2311
-1342
-161
-1771
4393
-2797
-4949
-2300
3068
2358
4321
-2487
 747
2710
4771
-2067
-4449
-424
-1977
1402
3976
-3999
-2479
1446
-442
1375
4335
1913
-1503
-1022
-2312
-1720
1528
-710
-446
-4702
-2070
-2414
2171
-4298
-3952
-1235
-2201
4477
4547
4434
3370
4266
-269
-2399
-1130
  10
2687
2551
-1101
-4641
4809
-4455
-4134
4254
4479
4371
-1866
2542
-1676
1435
-4643
1418
1602
-4964
4065
4216
-544
3447
1340
-1944
1570
-4273
 754
2482
1048
-3948
 326
-4078
-3109
-2799
2661
-3790
 453
4740
 641
3272
3257
-4524
-4786
1238
 768
1693
2167
-4659
2699
-466
-2910
4574
1254
 751
-3415
3854
4894
 325
1278
 391
3465
  28
-4990
-1380
-3535
4158
-4223
-1978
-2891
-4879
-3446
4273
-4050
-3319
-4992
3629
-444
-3036
1980
 798
2489
  34
2773
-2705
-1466
-858
1815
-2661
 423
-349
-888
3355
4756
-4627
3515
4369
-3775
-3270
-4644
-311
 731
-3081
 127
  39
 954
-4062
-2349
1023
-758
-301
-1021
-3501
-588
-627
-153
-611
3840
-636
4817
-1396
-4082
-2761
-976
3525
3737
-1823
-1296
-4351
 741
 906
-1703
-4418
 786
 201
 979
-2083
1823
-2055
-501
-1087
-220
2741
3164
1379
-4752
-4016
-2310
-2255
4105
-2113
4181
1727
-573
-2340
4117
4727
1092
-3983
1344
4670
-345
-2862
 773
-3280
3537
-2843
-1365
-2161
-364
-4745
-4834
 907
 270
 -97
1354
 670
-2265
-3901
 653
-4836
-526
 185
4521
2520
-4496
-3105
2601
 792
2846
-788
-1440
 797
-3041
-1632
-2598
-933
3669
1610
3551
 228
-3866
-4707
3789
-1686
3741
3170
-551
-852
1654
-4610
-879
-4368
-1472
-4108
4056
4776
1511
-3124
-709
-183
-2259
3728
-509
3471
1769
-2072
-1856
-563
-4820
4759
 746
3084
-229
-1507
2289
-1782
 692
 992
-2633
-4013
-4903
3022
1440
2230
2394
4914
4948
-1591
2273
-4138
-3553
-2063
-1474
-716
4124
-3125
2910
-1464
-4225
2721
-795
-721
-4145
-4805
-265
2657
4931
3293
4654
3962
-2542
3073
1992
4615
2714
1113
1650
1110
 958
-3886
 978
1262
2235
-1533
-727
-2670
3435
-2923
-4003
-2846
-2315
 537
-107
-1624
4731
2140
-1052
3746
 241
 157
-1297
-2225
4272
2268
2022
-2165
 341
-756
1382
-3218
2794
1464
-866
4133
2623
1284
2994
-213
-1718
3107
 381
-225
-625
2982
-3145
1043
2266
3599
-1147
-1325
 464
3884
-1700
-4193
 621
-1899
1315
-4846
3217
3512
-3087
-1930
-841
-3085
 -73
2161
4962
-4218
 491
1759
2120
-2872
-2069
-1338
1845
2872
4364
-2702
-4046
3978
-1017
-3040
-4896
 657
-682
3256
2097
3219
-1337
-2553
1975
-1936
-819
 685
2105
-2142
4306
1919
 137
-3658
-1958
2154
3581
3408
-4677
4725
4174
-3356
4400
3416
-4541
-1321
-494
-4617
4960
-4757
-3170
-3485
-1054
4828
-3219
-4424
4341
1209
4994
2302
1132
-1857
-2803
1497
4942
-3972
1856
-3534
-3210
-1730
3405
3633
4145
-2537
4697
-2146
2067
-3844
-2770
 552
-1710
3468
4901
-781
3510
 495
4047
1882
-2728
2648
2694
-4653
-2036
2180
-4487
2567
-3162
-2027
 366
1586
-3192
2673
-535
1361
-1816
2508
-3306
-3354
-1493
-4958
2163
-1527
4526
4075
2316
4413
1635
-1546
 -63
-1001
1839
3125
-1387
-3435
3848
3740
-2383
-4584
4123
1687
1775
3538
-4289
3028
-3483
4159
-2226
2123
-4693
-1670
-1268
-1429
-1697
-3159
 626
4608
1257
-2114
3026
4835
4671
-2765
 -87
3794
4602
3296
 330
1229
-3779
 278
1301
-2254
3523
1792
-2944
1626
 388
-1479
3546
-1389
3971
  -4
-1125
-643
4162
-4650
3547
1756
-3298
-3253
4097
-3323
 920
2751
3360
-4986
-3011
 195
-2962
-3243
-4692
 749
-3157
 -94
3186
1131
-2005
4331
1893
-3740
-1592
4645
 238
-3038
3676
-4430
4003
-780
 309
-242
-3268
-1599
-306
 486
1697
-4132
-4288
-3522
2678
1841
3621
-750
-3695
3428
-4023
-3134
 554
-2640
3767
1984
2313
-3928
3601
3350
-531
4556
-2701
-925
-4447
4344
 695
-4602
 109
-4029
-1086
-4806
-1817
-3101
-2302
-3471
4282
-2751
-3962
 516
-637
2865
-1664
3531
 948
2953
 436
-4207
-1895
2809
-3896
-1421
2051
1567
4312
2360
 280
3711
 313
-2417
3249
3774
4096
2232
-1006
1324
-3193
 864
2447
-938
-2812
 139
-4536
-4980
-4361
-680
-1868
-3834
-4862
-1061
4064
-790
4520
2006
3716
-2684
3197
1388
4658
-4542
4347
-418
2274
 299
-824
-2262
 398
4264
-4963
1452
 758
-2529
-1556
 891
-4309
4408
  61
2461
4342
-4063
-4762
1701
-3178
-4899
-904
 281
3143
-1167
2336
3668
-2707
-4181
-142
 830
 414
3945
-4035
 110
-4944
-536
2342
3199
-791
1800
3160
3830
-1917
2538
 573
1690
3070
4101
 124
1487
-1692
-4816
4269
4390
-649
-1747
2545
-3772
-2334
4666
4130
2408
2966
3708
-1367
3984
2020
-3396
-2041
2572
4222
-2555
-3307
4021
-3702
3440
2681
-253
-3367
1866
-1714
2426
-2890
-3003
-1804
-3905
-3550
  18
 342
3410
3946
4767
-1417
 -59
4694
-3065
3821
 926
2479
4511
1231
 744
-4166
-4328
4049
 894
  36
-717
3281
-4329
-4539
-4961
-116
-2704
-3998
4127
-2643
-3934
-1704
3883
-2353
-4968
-1911
3982
3954
-3630
-2377
2049
-871
1846
-1102
 800
-596
-726
-2292
2094
-4613
-4787
3588
2191
-1449
1861
4023
1521
-2783
3634
3310
 785
2078
2596
-4592
-1586
4008
-3326
4932
-3600
3747
-2716
4257
-1345
-3287
2219
2208
 639
4261
-2680
4080
 128
4053
-4233
-1961
1978
1179
 333
4911
-4321
-621
-1329
-3759
-4570
-569
-2677
2130
2798
1518
-2760
-1770
 442
-857
-518
-2732
-4725
4909
 334
3891
4431
3221
4380
1387
-3584
3129
-2386
1779
-2904
-3733
-4465
-2461
-2198
 984
-2512
-2571
-1109
-3421
-4884
 702
-4680
-1393
2805
-4333
4569
-3118
-1256
1310
3369
2828
-2164
2879
 260
-1249
-2764
1107
-2325
-4580
1030
-163
3407
 586
1462
3921
-4049
-2556
-4965
-2685
-1897
-1707
4995
 504
-438
-955
3098
-3818
-1494
1982
-4153
-3494
2117
-2763
4029
 592
  65
2654
-3161
 -38
1875
-2787
-130
-1304
-2252
-2887
2131
-2016
-3664
4377
2792
2553
-889
4534
4939
2590
3147
2304
-4730
-4222
2854
4945
4351
-3117
2344
-3520
1027
-4200
3592
-3411
3263
1496
-1787
-1300
-3682
1645
 717
  75
 878
2836
-2875
-3292
 625
-2387
-1482
-2298
-1480
 287
1809
-4614
2822
-4254
3856
-420
-1821
-4561
-3336
3911
2104
-493
1422
-3197
2199
-4728
-502
2228
-4325
4573
2194
-2237
4283
-4177
-1840
-994
3270
-3362
1752
-2492
4286
 323
3208
2897
-2290
-3175
-2659
3614
-4255
2410
-1084
-4937
2866
1277
 607
-4438
-2308
-3266
-4874
3775
-3734
 -11
-1737
-542
-3172
4561
1347
3522
-2193
-2394
4708
4656
3527
-4930
1419
2725
4095
-4773
2782
4747
-1148
3462
-1231
-1615
 963
4718
3204
3489
-4088
 290
1672
-4922
4517
4539
-4357
1930
 175
-3889
1067
4329
-1330
-642
-1794
4628
3007
-1036
-1043
-2096
-1323
2073
1628
-1894
1395
-4504
-2646
-169
-4084
4699
-4932
1266
4334
 178
-880
-2195
-4105
 460
-4675
-4104
-1639
-3165
-2452
1433
-4173
 272
-2030
-3536
-241
-4645
1860
1748
3206
-2295
1427
4860
 362
4982
2617
4584
4036
 923
 508
2469
-562
2923
3903
-740
-3478
 376
-4978
-4122
-4663
4972
3349
2858
-321
-1056
-3414
-1349
2103
-829
1417
-207
-4113
-1927
1420
-4638
1072
1531
-641
-2213
4386
-4855
-4943
 673
 718
 707
-548
-761
-1097
-1245
-3842
-2025
-579
-2454
3885
-1458
-262
4519
3091
-2058
-2185
-4310
-305
4605
-1273
4294
 293
-845
2501
4462
1118
 -32
-3950
3950
 902
4765
-209
2224
4252
1463
-2824
-4599
-2597
 739
   4
 548
-4422
3383
-3519
3772
 216
-4229
1503
4834
-2264
3951
3228
3967
 861
 714
4248
4917
-2314
-2307
3991
-4633
4061
1187
-2752
2295
2510
1074
 697
 526
 102
-4818
-3496
-4147
3670
-4782
1208
3019
2306
-3448
-1376
-4284
 132
-4821
2297
-2870
3576
-2413
-2743
-2995
-4227
1968
-1375
-1489
 980
4327
-1960
-2112
4950
-3709
3743
2442
-1089
-4546
1161
-1251
1931
-3726
2443
-3048
-1690
-946
 473
-1815
 571
2497
2550
-1882
4268
4888
3922
-1544
-3718
-1180
-2047
-1173
4590
4533
-3888
-1336
3306
-1214
-4390
-2173
3142
-1905
1700
4702
-4299
-3567
2821
-1744
-3708
-808
-4155